0 0.29063369397217925 0.6150247524752476 0.3952859350850077 0.1978960396039604
0 0.6008964451313755 0.5459653465346535 0.14769706336939722 0.15462871287128713
0 0.6377279752704792 0.7090841584158416 0.11318392581143741 0.10544554455445546
0 0.8072179289026274 0.8132178217821783 0.1121174652241113 0.14457920792079207
0 0.8190726429675426 0.658960396039604 0.1976352395672334 0.1166089108910891
0 0.8774034003091189 0.5577227722772277 0.23961360123647604 0.1575
0 0.764466769706337 0.4109158415841584 0.12964451313755795 0.07841584158415842
0 0.7059969088098917 0.46576732673267324 0.08998454404945903 0.06435643564356436
0 0.6113292117465223 0.44183168316831684 0.05265842349304482 0.03301980198019802
0 0.47854714064914994 0.4337871287128713 0.07302936630602783 0.07881188118811881
0 0.5401081916537867 0.3818316831683168 0.0879598145285935 0.024405940594059403
0 0.47571870170015457 0.3556435643564357 0.04160741885625966 0.033910891089108906
0 0.2508500772797527 0.4232920792079208 0.08131375579598145 0.05366336633663366
0 0.6825502318392581 0.8676485148514851 0.0997836166924266 0.10495049504950495
0 0.2465996908809892 0.2843069306930693 0.04446676970633694 0.014975247524752475