0 0.5145897435897436 0.30132692307692305 0.08844871794871795 0.08044230769230769
0 0.5882435897435897 0.21161538461538462 0.05055128205128205 0.07194230769230768
0 0.5818333333333333 0.42351923076923076 0.06337179487179487 0.08548076923076924
0 0.4831153846153846 0.5668461538461538 0.07392307692307692 0.06875
0 0.5010641025641025 0.5158076923076924 0.06993589743589743 0.013653846153846154
0 0.46460256410256406 0.4136923076923077 0.04258974358974359 0.040211538461538465
0 0.48084615384615387 0.3822884615384615 0.04657692307692307 0.024423076923076922
0 0.526423076923077 0.16698076923076924 0.035179487179487184 0.03821153846153846
0 0.6010641025641026 0.1436923076923077 0.02491025641025641 0.030115384615384617
0 0.6386666666666667 0.13921153846153847 0.020346153846153844 0.025423076923076923
0 0.7631538461538462 0.7272307692307692 0.11547435897435897 0.35959615384615384
0 0.6821025641025641 0.32971153846153844 0.0815897435897436 0.2696730769230769