0 0.13370621468926552 0.5156610169491526 0.1284406779661017 0.0643728813559322
0 0.04180790960451977 0.554864406779661 0.08361581920903954 0.030949152542372883
0 0.10322033898305084 0.8197966101694916 0.18112994350282488 0.14722033898305084
0 0.23129943502824857 0.7014237288135593 0.12306214689265536 0.0418135593220339
0 0.4304406779661017 0.5802542372881356 0.16538983050847458 0.12152542372881356
0 0.684090395480226 0.4222542372881356 0.1303276836158192 0.0851864406779661
0 0.5987909604519773 0.3299152542372881 0.08401129943502825 0.03610169491525424
0 0.6702485875706214 0.2973050847457627 0.0743954802259887 0.04713559322033898
0 0.7650169491525424 0.14755932203389832 0.06336723163841808 0.04849152542372881
0 0.8943841807909604 0.16005084745762713 0.0848135593220339 0.06077966101694915
0 0.9657062146892655 0.1068813559322034 0.06644067796610169 0.051915254237288135