0 0.4898854166666667 0.6018125 0.34559375 0.20695833333333333
0 0.466125 0.8866666666666667 0.47309375000000004 0.22666666666666666
0 0.10958333333333334 0.6284791666666667 0.21916666666666668 0.16029166666666667
0 0.141875 0.43457291666666664 0.28375 0.23496875
0 0.34698958333333335 0.3071354166666667 0.16813541666666668 0.06342708333333333
0 0.5367604166666666 0.24965625 0.21852083333333333 0.06844791666666666
0 0.6211249999999999 0.36481250000000004 0.19974999999999998 0.10796875
0 0.75590625 0.2915104166666667 0.12348958333333333 0.07802083333333334
0 0.7540416666666666 0.22154166666666666 0.05723958333333334 0.02140625
0 0.8636145833333334 0.21944791666666666 0.08472916666666667 0.058895833333333335
0 0.9533333333333334 0.24402083333333333 0.09333333333333332 0.06638541666666667
0 0.9272916666666667 0.14570833333333333 0.14541666666666667 0.11976041666666666
0 0.7111354166666667 0.179875 0.18689583333333332 0.08808333333333333
0 0.5578125 0.179875 0.11020833333333332 0.05475
0 0.42365624999999996 0.21694791666666668 0.0951875 0.0705625
0 0.37615625 0.17675000000000002 0.10684374999999999 0.061000000000000006
0 0.16138541666666667 0.2565208333333333 0.14055208333333333 0.07470833333333333
0 0.028333333333333332 0.18822916666666664 0.056666666666666664 0.11186458333333334
0 0.12242708333333334 0.15530208333333334 0.07734375 0.04727083333333334
0 0.17720833333333333 0.1196875 0.05776041666666667 0.021885416666666668
0 0.21470833333333333 0.07907291666666666 0.09941666666666667 0.05314583333333334
0 0.32157291666666665 0.1178125 0.12564583333333335 0.03895833333333333
0 0.37511458333333336 0.059083333333333335 0.09521874999999999 0.0465
0 0.49322916666666666 0.09657291666666666 0.08561458333333333 0.03814583333333333
0 0.5763437499999999 0.06844791666666666 0.18934375 0.07772916666666667