0 0.8705438596491227 0.964392523364486 0.11256140350877192 0.07124610591900311
0 0.10359649122807017 0.9571028037383178 0.09735087719298247 0.0857632398753894
0 0.10324561403508772 0.8349844236760123 0.08671929824561403 0.049221183800623056
0 0.19763157894736844 0.8154828660436136 0.06261403508771929 0.03510903426791277
0 0.21633333333333335 0.8804672897196262 0.043894736842105264 0.044610591900311525
0 0.4870701754385965 0.8470404984423675 0.0730877192982456 0.06498442367601245
0 0.580280701754386 0.8167289719626168 0.07940350877192982 0.0459190031152648
0 0.4998245614035087 0.7677258566978193 0.05882456140350877 0.047601246105919
0 0.4675438596491228 0.7139563862928349 0.04105263157894737 0.03557632398753894
0 0.3143333333333333 0.6954828660436138 0.08552631578947369 0.05261682242990654
0 0.25084210526315787 0.7675077881619938 0.0684561403508772 0.05133956386292835
0 0.19773684210526316 0.7382554517133956 0.032438596491228065 0.04679127725856698
0 0.26628070175438595 0.605981308411215 0.061912280701754384 0.0356386292834891
0 0.4624035087719298 0.5800311526479751 0.04012280701754386 0.03772585669781931
0 0.36415789473684207 0.5559501557632399 0.05884210526315789 0.03940809968847352
0 0.35761403508771933 0.6033021806853582 0.0644561403508772 0.03439252336448598
0 0.29364912280701755 0.5592834890965732 0.02775438596491228 0.029439252336448597
0 0.32568421052631574 0.4980373831775701 0.04036842105263158 0.019096573208722743
0 0.4273157894736842 0.4724922118380062 0.04480701754385965 0.03034267912772586
0 0.5136140350877193 0.6520872274143302 0.10980701754385966 0.05305295950155764
0 0.6416842105263157 0.6846728971962617 0.1530701754385965 0.06426791277258567
0 0.7608421052631579 0.8080062305295951 0.16917543859649123 0.08660436137071652
0 0.8130175438596492 0.7390654205607476 0.07233333333333333 0.04844236760124611
0 0.6268245614035088 0.8690342679127725 0.05552631578947368 0.03423676012461059
0 0.7060000000000001 0.9414953271028038 0.0805438596491228 0.07532710280373832
0 0.39245614035087717 0.7012772585669782 0.04528070175438596 0.031028037383177574
0 0.41210526315789475 0.7183177570093459 0.028438596491228072 0.023551401869158876
0 0.3922280701754386 0.5115264797507788 0.07756140350877193 0.041931464174454834
0 0.424280701754386 0.5665420560747664 0.04340350877192982 0.03152647975077882
0 0.6691578947368422 0.5746105919003115 0.32263157894736844 0.23457943925233643