0 0.3031166666666667 0.46806666666666663 0.3177333333333333 0.14744444444444443
0 0.5321833333333333 0.6092444444444445 0.13346666666666665 0.12677777777777777
0 0.6915666666666667 0.5975333333333332 0.07648333333333333 0.06295555555555556
0 0.5892999999999999 0.5002 0.12346666666666667 0.07028888888888889
0 0.49794999999999995 0.4434444444444445 0.046816666666666666 0.04164444444444444
0 0.4843166666666666 0.3982 0.037733333333333334 0.03197777777777778
0 0.61915 0.44606666666666667 0.058916666666666666 0.04284444444444445
0 0.6027833333333333 0.40486666666666665 0.07466666666666666 0.05742222222222222
0 0.3922 0.7217333333333332 0.18076666666666666 0.08913333333333333
0 0.3050833333333334 0.6183333333333333 0.13683333333333333 0.07626666666666666
0 0.16146666666666665 0.5567333333333333 0.05565 0.05408888888888889
0 0.07768333333333333 0.4444444444444444 0.13355 0.07193333333333332
0 0.7668666666666667 0.9271333333333333 0.0907 0.09184444444444444
0 0.6197666666666667 0.7058 0.09648333333333334 0.053200000000000004
0 0.7442833333333333 0.6948666666666666 0.15766666666666665 0.1040888888888889
0 0.83655 0.8655333333333334 0.14523333333333333 0.1666
0 0.3202333333333333 0.40486666666666665 0.10653333333333334 0.05742222222222222