0 0.1835111111111111 0.5482075471698113 0.10271111111111111 0.05990566037735849
0 0.2842444444444444 0.6372641509433963 0.10268888888888889 0.08292452830188679
0 0.5182888888888889 0.7864779874213836 0.3692888888888889 0.1297798742138365
0 0.4082222222222222 0.5255660377358491 0.12253333333333334 0.06496855345911949
0 0.538 0.5785849056603773 0.10946666666666666 0.049402515723270445
0 0.6507333333333333 0.5922012578616352 0.11862222222222223 0.08921383647798742
0 0.5904444444444444 0.5282704402515723 0.0662 0.04943396226415094
0 0.29713333333333336 0.41594339622641513 0.06033333333333333 0.04279874213836478
0 0.2569777777777778 0.38808176100628927 0.08373333333333333 0.04157232704402516
0 0.36364444444444444 0.38389937106918237 0.07186666666666668 0.03317610062893082
0 0.06335555555555555 0.4446540880503145 0.1202 0.04572327044025157
0 0.11817777777777777 0.3231132075471698 0.11724444444444444 0.03742138364779874