0 0.2621496437054632 0.6133333333333333 0.12262470308788599 0.08903743315508023
0 0.3832897862232779 0.8255971479500892 0.11679334916864609 0.10158645276292336
0 0.47842042755344416 0.7580926916221035 0.0510688836104513 0.049750445632798575
0 0.45176959619952495 0.5909803921568628 0.08749406175771972 0.06409982174688057
0 0.5647149643705464 0.6097860962566845 0.08114014251781472 0.05814616755793226
0 0.8077672209026128 0.7838146167557932 0.2030166270783848 0.10912655971479501
0 0.6723871733966745 0.5931550802139037 0.08534441805225654 0.02488413547237077
0 0.42339667458432306 0.4929590017825312 0.08090261282660333 0.0542602495543672
0 0.3173159144893112 0.440891265597148 0.12207838479809976 0.041212121212121214
0 0.2931710213776722 0.5185026737967915 0.03948931116389549 0.05385026737967914
0 0.19209026128266035 0.4824777183600713 0.04319477434679335 0.0213903743315508
0 0.29000000000000004 0.37693404634581107 0.03315914489311164 0.020267379679144385
0 0.491353919239905 0.41752228163992866 0.039976247030878855 0.03409982174688057