0 0.5516205533596839 0.5338151658767772 0.04873517786561265 0.04995260663507108
0 0.5366403162055337 0.582914691943128 0.08826086956521738 0.04473933649289099
0 0.44562582345191043 0.6029383886255925 0.03845849802371542 0.06670616113744075
0 0.5928194993412385 0.6979146919431279 0.1023847167325428 0.09379146919431279
0 0.4816732542819499 0.27943127962085307 0.16754940711462452 0.2004265402843602
0 0.7723451910408433 0.21334123222748816 0.05181818181818182 0.06390995260663507
0 0.8578524374176548 0.20665876777251183 0.09347826086956522 0.06348341232227488
0 0.8836100131752306 0.3513981042654028 0.05155467720685113 0.05995260663507109
0 0.7640843214756259 0.3712085308056872 0.047259552042160737 0.04789099526066351
0 0.2451383399209486 0.6834834123222749 0.07537549407114624 0.0778436018957346
0 0.36741765480895916 0.792440758293839 0.09715415019762845 0.13206161137440758
0 0.4141238471673254 0.7090995260663507 0.0707905138339921 0.064478672985782
0 0.39341238471673257 0.6425592417061612 0.041330698287220025 0.03912322274881517
0 0.3470619235836627 0.5833412322274881 0.0803820816864295 0.07144549763033176
0 0.38250329380764164 0.43343601895734596 0.06504611330698287 0.04741706161137441
0 0.37472990777338605 0.39338862559241705 0.042292490118577074 0.04485781990521327
0 0.30873517786561266 0.38412322274881516 0.04206851119894598 0.05649289099526066
0 0.293768115942029 0.4244075829383886 0.05284584980237154 0.03793838862559242
0 0.32405797101449274 0.4875118483412322 0.04397891963109355 0.03919431279620853
0 0.1789064558629776 0.3884360189573459 0.041133069828722 0.047867298578199054
0 0.2179578392621871 0.36516587677725115 0.04735177865612648 0.05305687203791469
0 0.11926218708827405 0.2452132701421801 0.051198945981554674 0.05872037914691943
0 0.12955204216073782 0.856824644549763 0.24905138339920949 0.12727488151658767
0 0.1527931488801054 0.7476540284360189 0.07035573122529644 0.05971563981042654
0 0.6928194993412385 0.6212322274881518 0.10357048748353095 0.11277251184834124
0 0.7578524374176548 0.5710663507109005 0.08271409749670619 0.08566350710900474
0 0.831501976284585 0.5568483412322275 0.05036890645586297 0.048649289099526066
0 0.8881554677206851 0.5256161137440758 0.04628458498023716 0.04220379146919431
0 0.9523451910408433 0.5562085308056872 0.0405270092226614 0.04303317535545024
0 0.9334255599472991 0.5058056872037915 0.03621870882740448 0.03703791469194313
0 0.8802503293807642 0.6356635071090048 0.13108036890645586 0.05978672985781991
0 0.8214361001317524 0.7747867298578198 0.30810276679841897 0.13983412322274882