0 0.560325 0.827996254681648 0.31177499999999997 0.2652247191011236
0 0.5621375 0.5047752808988765 0.20149999999999998 0.1098314606741573
0 0.6533875 0.4074157303370787 0.147875 0.0649625468164794
0 0.6642125 0.3312921348314607 0.1084375 0.054176029962546814
0 0.5418625 0.3764232209737828 0.11095000000000001 0.07370786516853932
0 0.3957625 0.43134831460674156 0.0965375 0.05037453183520599
0 0.3998 0.3870411985018727 0.0795875 0.04915730337078652
0 0.3611875 0.3506367041198502 0.0634875 0.038782771535580525
0 0.466875 0.3358801498127341 0.060975 0.03837078651685393
0 0.3134125 0.39204119850187263 0.045724999999999995 0.05913857677902622
0 0.5840875 0.30301498127340826 0.08428750000000002 0.03089887640449438
0 0.5522874999999999 0.323183520599251 0.0456875 0.033801498127340825
0 0.551725 0.28262172284644194 0.0667875 0.031741573033707865
0 0.6078375 0.2391573033707865 0.0567875 0.01554307116104869
0 0.5365875 0.24580524344569288 0.0393 0.028857677902621722
0 0.45673749999999996 0.25786516853932584 0.06570000000000001 0.028014981273408242
0 0.41521250000000004 0.2861610486891386 0.0687625 0.03466292134831461
0 0.12635 0.7529213483146068 0.11324999999999999 0.10260299625468165
0 0.2195375 0.582565543071161 0.09128750000000001 0.12393258426966293