0 0.44183333333333336 0.6174588665447898 0.15636458333333333 0.1453199268738574
0 0.7511770833333333 0.5872029250457038 0.47642708333333333 0.15387568555758685
0 0.60259375 0.7961608775137111 0.06814583333333334 0.04775137111517368
0 0.5346562499999999 0.7943510054844607 0.031822916666666666 0.03191956124314443
0 0.5766666666666667 0.8558683729433273 0.03482291666666667 0.045283363802559415
0 0.1842291666666667 0.7161608775137112 0.08094791666666666 0.09084095063985374
0 0.2544791666666667 0.7106764168190128 0.03858333333333333 0.02709323583180987
0 0.32437499999999997 0.7330164533820841 0.030239583333333334 0.03113345521023766
0 0.036000000000000004 0.6524131627056673 0.07198958333333333 0.10974405850091408
0 0.09244791666666667 0.543345521023766 0.07563541666666666 0.04992687385740402
0 0.22427083333333334 0.5711517367458867 0.10084375 0.10149908592321756
0 0.34682291666666665 0.5145155393053017 0.07051041666666666 0.04914076782449726
0 0.41082291666666665 0.48283363802559415 0.08507291666666666 0.050786106032906765
0 0.4950833333333333 0.5126873857404022 0.031364583333333335 0.033290676416819015
0 0.4343125 0.399981718464351 0.11585416666666666 0.047568555758683725
0 0.14279166666666668 0.9074588665447898 0.039749999999999994 0.04281535648994516