0 0.45692537313432835 0.5534772727272728 0.11274626865671643 0.08547727272727272
0 0.5267910447761194 0.1996590909090909 0.10323880597014926 0.10922727272727273
0 0.6105074626865672 0.14204545454545456 0.050865671641791045 0.05597727272727272
0 0.6935373134328359 0.2130909090909091 0.08665671641791045 0.09890909090909092
0 0.8011194029850747 0.28745454545454546 0.09288059701492536 0.06581818181818182
0 0.907223880597015 0.27504545454545454 0.0934179104477612 0.09059090909090908
0 0.9078955223880596 0.45888636363636365 0.09205970149253731 0.08636363636363636
0 0.9804626865671642 0.4789090909090909 0.03907462686567164 0.08925000000000001
0 0.8929402985074627 0.6565227272727273 0.2141044776119403 0.26263636363636367
0 0.8937910447761195 0.8389772727272726 0.11810447761194029 0.11215909090909092
0 0.8087313432835821 0.9640454545454545 0.11985074626865672 0.07190909090909091
0 0.18150746268656717 0.6468636363636364 0.05271641791044776 0.07486363636363635
0 0.24201492537313435 0.5881818181818183 0.052000000000000005 0.05572727272727273
0 0.3407761194029851 0.4741590909090909 0.08671641791044776 0.07561363636363637
0 0.3272089552238806 0.39734090909090913 0.08129850746268656 0.08722727272727274
0 0.2622238805970149 0.33186363636363636 0.12228358208955224 0.07611363636363637
0 0.19059701492537315 0.4617727272727273 0.08756716417910448 0.08388636363636363
0 0.163044776119403 0.5322045454545454 0.08404477611940299 0.07186363636363637
0 0.06074626865671642 0.5400681818181818 0.10197014925373134 0.046250000000000006
0 0.12655223880597016 0.6133863636363636 0.035477611940298505 0.048272727272727266
0 0.04285074626865672 0.4772727272727273 0.06614925373134328 0.0694090909090909
0 0.07105970149253732 0.4270681818181818 0.046611940298507466 0.06406818181818182
0 0.1161044776119403 0.38081818181818183 0.06071641791044776 0.05418181818181818
0 0.14528358208955225 0.27486363636363637 0.04577611940298508 0.044750000000000005
0 0.13062686567164178 0.20318181818181819 0.16843283582089552 0.0955909090909091
0 0.2402537313432836 0.11229545454545453 0.05119402985074627 0.04609090909090909
0 0.2973731343283582 0.05363636363636364 0.054164179104477614 0.06097727272727272
0 0.4026567164179104 0.10011363636363636 0.04764179104477612 0.08368181818181818
0 0.3884029850746269 0.17322727272727273 0.06528358208955225 0.056363636363636366
0 0.4168955223880597 0.28270454545454543 0.1276865671641791 0.10175000000000001
0 0.49382089552238806 0.06147727272727273 0.09971641791044776 0.0684090909090909
0 0.6064328358208956 0.08131818181818182 0.06985074626865671 0.058499999999999996
0 0.7592089552238807 0.06768181818181819 0.055179104477611936 0.05602272727272727
0 0.8399253731343284 0.07677272727272727 0.0673731343283582 0.07420454545454545
0 0.9084477611940298 0.1585681818181818 0.06058208955223881 0.0725
0 0.9449402985074628 0.20318181818181819 0.03316417910447761 0.04602272727272727
0 0.9906417910447761 0.1771590909090909 0.01873134328358209 0.06834090909090909
0 0.9913134328358209 0.07077272727272728 0.01737313432835821 0.06634090909090909
0 0.558955223880597 0.013636363636363636 0.08480597014925373 0.02727272727272727
0 0.6836417910447762 0.017772727272727273 0.15835820895522387 0.03554545454545455
0 0.38597014925373135 0.02293181818181818 0.08613432835820896 0.04586363636363636
0 0.1562686567164179 0.03636363636363636 0.07605970149253731 0.07272727272727272
0 0.10255223880597014 0.7526136363636363 0.05325373134328358 0.06170454545454545