0 0.47312210200927357 0.4412121212121212 0.1206646058732612 0.08476584022038568
0 0.7778207109737248 0.538870523415978 0.17126738794435858 0.089366391184573
0 0.8454714064914992 0.6178787878787878 0.132967542503864 0.12449035812672175
0 0.9566615146831531 0.5295316804407714 0.08667697063369396 0.08768595041322313
0 0.9750850077279752 0.621267217630854 0.049814528593508496 0.06347107438016529
0 0.7926893353941268 0.4113223140495868 0.055950540958268936 0.04622589531680441
0 0.7111282843894899 0.3541322314049587 0.049783616692426584 0.042038567493112945
0 0.6433693972179289 0.33889807162534435 0.04265842349304482 0.028484848484848484
0 0.5830911901081917 0.3602754820936639 0.0528902627511592 0.03314049586776859
0 0.23850077279752704 0.7568044077134987 0.4770015455950541 0.45319559228650136
0 0.2605718701700155 0.4914049586776859 0.17111282843894898 0.09617079889807162
0 0.4079907264296755 0.34735537190082644 0.04744976816074188 0.04542699724517906
0 0.615904173106646 0.5331404958677686 0.08996908809891808 0.05674931129476585
0 0.634806800618238 0.4553994490358127 0.05406491499227202 0.049586776859504134
0 0.6154250386398764 0.4140771349862259 0.08902627511591964 0.0474931129476584