0 0.669441210710128 0.48327659574468085 0.21731082654249126 0.09035460992907801
0 0.6584633294528521 0.8229787234042554 0.2286263096623981 0.19834042553191492
0 0.4427939464493597 0.4123829787234043 0.119906868451688 0.05394326241134752
0 0.44428405122235154 0.36598581560283683 0.10627473806752039 0.04626950354609929
0 0.39755529685681024 0.33256737588652485 0.08266589057043074 0.048312056737588656
0 0.539406286379511 0.3167659574468085 0.07033760186263097 0.041021276595744685
0 0.6225494761350407 0.36011347517730496 0.13018626309662398 0.054780141843971626
0 0.7569150174621654 0.39577304964539006 0.15942956926658905 0.061234042553191495
0 0.7755413271245635 0.316354609929078 0.11685681024447031 0.032113475177304965
0 0.6970547147846333 0.28334751773049643 0.0929220023282887 0.026865248226950356
0 0.6460069848661234 0.3074468085106383 0.06732246798603027 0.03049645390070922
0 0.6478346915017462 0.25963120567375886 0.10091967403958091 0.048354609929078016
0 0.6393480791618161 0.23208510638297872 0.08062863795110595 0.04188652482269504
0 0.7091967403958092 0.22075177304964538 0.08726426076833527 0.035418439716312054
0 0.5219441210710128 0.23452482269503547 0.06534342258440047 0.04675177304964539