0 0.509575 0.7131196581196582 0.19848 0.13849002849002848
0 0.354255 0.8681125356125355 0.15450999999999998 0.10184472934472935
0 0.27226 0.6105911680911681 0.20385499999999998 0.10436609686609687
0 0.42275 0.579494301994302 0.10817 0.09441595441595442
0 0.290935 0.5187464387464388 0.06545999999999999 0.048881766381766376
0 0.179615 0.5123290598290597 0.088105 0.0693019943019943
0 0.08862 0.4807692307692308 0.09009 0.0489031339031339
0 0.345585 0.46082621082621084 0.270505 0.1039814814814815
0 0.735225 0.5071082621082621 0.13645 0.06835470085470086
0 0.962665 0.5256196581196582 0.07466500000000001 0.07688746438746438
0 0.753565 0.3583119658119658 0.08687 0.04405982905982906
0 0.69724 0.4188319088319088 0.099525 0.03222934472934473
0 0.349765 0.33861111111111114 0.057805 0.050220797720797725