0 0.4557971014492753 0.49952606635071095 0.09665349143610014 0.23561611374407584
0 0.485862977602108 0.741824644549763 0.07293807641633729 0.12992890995260664
0 0.6330566534914361 0.8225829383886256 0.12537549407114623 0.22680094786729857
0 0.7997628458498024 0.8723459715639811 0.07552042160737812 0.05490521327014218
0 0.8177338603425559 0.9687677725118483 0.06832674571805007 0.06246445497630332
0 0.3581949934123847 0.7620616113744075 0.08110671936758894 0.1445734597156398
0 0.46202898550724636 0.8796445497630331 0.12827404479578391 0.2332227488151659
0 0.2082608695652174 0.895829383886256 0.06546772068511199 0.09753554502369667
0 0.7426482213438734 0.3854028436018957 0.03073781291172595 0.1021563981042654
0 0.7374967061923584 0.6106635071090047 0.07553359683794467 0.1476777251184834
0 0.8286297760210803 0.3590995260663507 0.13084321475625824 0.36834123222748816
0 0.9552700922266139 0.1446208530805687 0.0894729907773386 0.266824644549763
0 0.9738339920948617 0.8197867298578199 0.05234519104084321 0.24274881516587676
0 0.33856389986824775 0.3159004739336493 0.09230566534914361 0.19630331753554503
0 0.09555994729907774 0.06267772511848341 0.07765480895915679 0.12537914691943128
0 0.09638998682476943 0.7991469194312797 0.0927536231884058 0.10872037914691944