0 0.4718474576271186 0.47368571428571427 0.0788135593220339 0.0404
0 0.5242711864406779 0.4347142857142857 0.065 0.04002857142857143
0 0.42269491525423725 0.4181714285714286 0.07252542372881356 0.06002857142857143
0 0.3113050847457627 0.7282285714285714 0.6226271186440678 0.41891428571428574
0 0.3783898305084746 0.8739714285714285 0.17276271186440678 0.0818
0 0.5697796610169492 0.6872571428571428 0.29161016949152546 0.1614857142857143
0 0.663593220338983 0.5102 0.1620677966101695 0.06854285714285714
0 0.834406779661017 0.38348571428571426 0.07996610169491525 0.08045714285714285
0 0.9020847457627119 0.3541142857142857 0.0724406779661017 0.07068571428571428
0 0.9644237288135593 0.3620857142857143 0.06396610169491526 0.04171428571428571
0 0.5530847457627118 0.3675714285714286 0.11777966101694914 0.056799999999999996
0 0.6737627118644067 0.3433142857142857 0.09523728813559322 0.053142857142857144
0 0.22223728813559324 0.47957142857142854 0.1443728813559322 0.11345714285714285
0 0.7499152542372881 0.3406571428571429 0.06108474576271186 0.05191428571428572
0 0.828728813559322 0.29414285714285715 0.05647457627118644 0.05682857142857143