0 0.36538095238095236 0.6786246418338109 0.0826 0.021991404011461317
0 0.34564761904761904 0.7479656160458453 0.2308952380952381 0.11565902578796562
0 0.6188190476190476 0.6818767908309455 0.2874380952380952 0.07765042979942693
0 0.7737714285714286 0.8396131805157593 0.3497238095238095 0.2170916905444126
0 0.5078095238095238 0.8721633237822349 0.2286857142857143 0.12255014326647565
0 0.2863428571428572 0.9396848137535816 0.13403809523809523 0.08567335243553008
0 0.14063809523809523 0.822650429799427 0.07937142857142858 0.0480945558739255
0 0.1885238095238095 0.8011747851002866 0.07719047619047618 0.04197707736389685
0 0.21246666666666666 0.5720200573065902 0.05977142857142857 0.042106017191977076
0 0.2849809523809524 0.597593123209169 0.09322857142857142 0.056418338108882526
0 0.3783047619047619 0.5636246418338109 0.08940000000000001 0.0294269340974212
0 0.49 0.578567335243553 0.09237142857142856 0.03882521489971347