0 0.177575 0.7643407407407407 0.25943333333333335 0.19872592592592592
0 0.38410833333333333 0.638237037037037 0.2177416666666667 0.18357037037037036
0 0.5401666666666667 0.4799703703703704 0.19890833333333333 0.2225925925925926
0 0.6139749999999999 0.674637037037037 0.15604166666666666 0.18862222222222222
0 0.7200333333333333 0.34288888888888885 0.09435833333333334 0.11773333333333333
0 0.7909833333333333 0.2548740740740741 0.11244166666666668 0.07715555555555555
0 0.47814999999999996 0.2495851851851852 0.11535 0.053881481481481475
0 0.23021666666666665 0.3947555555555555 0.2876666666666667 0.1383111111111111
0 0.403275 0.21066666666666664 0.11084166666666666 0.02682962962962963
0 0.5518416666666667 0.18463703703703704 0.06510833333333332 0.0552
0 0.6731333333333334 0.21848888888888887 0.08150833333333334 0.07210370370370371