0 0.5102551020408164 0.5831519274376418 0.11792091836734694 0.07702947845804989
0 0.6477678571428571 0.6326077097505669 0.13783163265306123 0.06052154195011338
0 0.6680484693877551 0.8098185941043083 0.20855867346938775 0.18405895691609978
0 0.7612755102040817 0.714625850340136 0.06105867346938775 0.06789115646258503
0 0.8333928571428572 0.6643310657596373 0.09860969387755103 0.09922902494331065
0 0.8543877551020409 0.6121995464852608 0.07332908163265306 0.06505668934240363
0 0.79375 0.5814965986394558 0.033227040816326534 0.04074829931972789
0 0.4414030612244898 0.724920634920635 0.2006887755102041 0.11321995464852608
0 0.29471938775510204 0.853718820861678 0.11122448979591837 0.08634920634920634
0 0.4766326530612245 0.8994784580498867 0.20372448979591837 0.08714285714285715
0 0.3906122448979592 0.5848072562358276 0.09354591836734694 0.0473469387755102
0 0.2517091836734694 0.5279138321995465 0.06987244897959184 0.06551020408163265
0 0.11547193877551021 0.6295238095238095 0.057091836734693875 0.033718820861678
0 0.18479591836734693 0.5979818594104308 0.03982142857142857 0.04074829931972789
0 0.2573852040816326 0.6031292517006803 0.05975765306122449 0.030430839002267573
0 0.27198979591836736 0.6769160997732426 0.11215561224489796 0.08727891156462586
0 0.0651530612244898 0.8908163265306123 0.09743622448979591 0.1110657596371882
0 0.1849107142857143 0.9056689342403628 0.08410714285714285 0.05829931972789116