0 0.3963050847457627 0.8278285714285715 0.3829152542372881 0.20994285714285715
0 0.713593220338983 0.8702857142857143 0.12405084745762711 0.06628571428571428
0 0.5180847457627119 0.5981142857142857 0.1664406779661017 0.10154285714285714
0 0.2515084745762712 0.7146 0.48074576271186437 0.24062857142857141
0 0.4553898305084746 0.5234571428571428 0.14272881355932202 0.05834285714285715
0 0.680677966101695 0.521 0.09693220338983051 0.05342857142857143
0 0.5626440677966101 0.45348571428571427 0.06184745762711865 0.04491428571428572
0 0.6081525423728814 0.47531428571428574 0.07540677966101696 0.043685714285714286
0 0.6608135593220339 0.44265714285714286 0.10566101694915254 0.043685714285714286
0 0.6340677966101695 0.4067428571428572 0.0836271186440678 0.0372
0 0.7345423728813559 0.3973714285714286 0.13445762711864406 0.05922857142857143
0 0.7893728813559322 0.44471428571428573 0.06737288135593221 0.05594285714285714
0 0.6022203389830508 0.3708571428571429 0.12406779661016949 0.047
0 0.6069491525423729 0.3337142857142857 0.048762711864406776 0.02988571428571429
0 0.6770338983050848 0.31902857142857144 0.07515254237288137 0.03317142857142857