0 0.542875 0.3935666666666666 0.138275 0.09046666666666667
0 0.593825 0.35003333333333336 0.058875000000000004 0.0409
0 0.7491249999999999 0.3554333333333333 0.075725 0.11006666666666667
0 0.278825 0.5535 0.21642499999999998 0.127
0 0.382575 0.7343 0.12392500000000001 0.13856666666666667
0 0.6677249999999999 0.6165999999999999 0.11605 0.1907
0 0.134 0.47103333333333336 0.08615 0.06206666666666667
0 0.299625 0.4169 0.079875 0.053766666666666664
0 0.370075 0.3213 0.3114 0.09173333333333333
0 0.029849999999999998 0.5758 0.059675000000000006 0.09243333333333334
0 0.015774999999999997 0.4872666666666667 0.031549999999999995 0.08623333333333334