0 0.41723750000000004 0.554975 0.0632375 0.050774999999999994
0 0.501825 0.522275 0.06572499999999999 0.03955
0 0.564525 0.59225 0.0869625 0.046174999999999994
0 0.47452500000000003 0.6180749999999999 0.0653125 0.031175
0 0.3988125 0.617675 0.05345 0.038675
0 0.406725 0.601225 0.03595 0.034925000000000005
0 0.3031875 0.6689 0.05805 0.049475
0 0.3946375 0.7241 0.07844999999999999 0.07235
0 0.5234875 0.690775 0.059050000000000005 0.03905
0 0.6500374999999999 0.6914 0.1059 0.04445
0 0.7558625000000001 0.793875 0.06755 0.049400000000000006
0 0.68805 0.905075 0.1131875 0.096825
0 0.60025 0.79135 0.1105 0.077725
0 0.58765 0.840525 0.0707125 0.059375
0 0.3956875 0.8197 0.098625 0.0677
0 0.2516375 0.873225 0.09713749999999999 0.053925
0 0.2531 0.7795000000000001 0.09838749999999999 0.05815000000000001
0 0.10301249999999999 0.8028 0.1548125 0.138125
0 0.21309999999999998 0.7101500000000001 0.09505000000000001 0.040275
0 0.2022625 0.635575 0.0499375 0.032825
0 0.2712125 0.621425 0.058675 0.037825000000000004
0 0.2724625 0.57705 0.0695125 0.0366
0 0.294025 0.538525 0.07305 0.04705
0 0.29465 0.5102 0.0368 0.023725
0 0.372875 0.47729999999999995 0.08698750000000001 0.032925
0 0.3198625 0.43542499999999995 0.04971250000000001 0.036699999999999997
0 0.9422875000000001 0.9229999999999999 0.1154125 0.090975
0 0.9602249999999999 0.831975 0.063775 0.04645
0 0.8868874999999999 0.7545000000000001 0.0837875 0.0915
0 0.798675 0.6339 0.08025 0.079475
0 0.6612874999999999 0.594975 0.053399999999999996 0.0641
0 0.7449250000000001 0.5581 0.056100000000000004 0.061200000000000004
0 0.6413875 0.5481 0.061537499999999995 0.0412
0 0.63795 0.49895 0.0984125 0.059574999999999996
0 0.6947249999999999 0.498325 0.0431875 0.0375
0 0.6024375 0.45667499999999994 0.046125 0.037525
0 0.4721375 0.47229999999999994 0.041775 0.039599999999999996
0 0.41859999999999997 0.44792499999999996 0.0472 0.02835
0 0.40985 0.41585 0.0297 0.02255
0 0.153725 0.509775 0.0653625 0.0479
0 0.09664999999999999 0.577875 0.0595375 0.05495