0 0.46003125 0.4779722222222222 0.111890625 0.11322222222222221
0 0.5578593749999999 0.48825 0.062359374999999995 0.09955555555555556
0 0.6626562500000001 0.7719166666666666 0.15657812499999998 0.17116666666666666
0 0.5746875 0.8321666666666666 0.09601562500000001 0.09508333333333333
0 0.75328125 0.9331944444444444 0.11184374999999999 0.12194444444444444
0 0.8189062500000001 0.8321388888888889 0.11328125 0.16344444444444445
0 0.816984375 0.6544166666666666 0.07096875 0.11569444444444445
0 0.70928125 0.45233333333333337 0.23059375000000001 0.1816111111111111
0 0.737296875 0.2925555555555555 0.13996875 0.11847222222222221
0 0.589953125 0.31263888888888886 0.080875 0.08172222222222222
0 0.490921875 0.2887222222222222 0.113578125 0.10222222222222221
0 0.343453125 0.30388888888888893 0.10470312500000001 0.11975
0 0.359328125 0.5074444444444445 0.07875 0.12944444444444445
0 0.38479687500000004 0.6054999999999999 0.081625 0.10761111111111112
0 0.368453125 0.7289722222222222 0.087390625 0.10666666666666666
0 0.29165625 0.6674722222222222 0.04678125 0.05202777777777778
0 0.24984375 0.5854166666666667 0.10735937499999999 0.11016666666666666
0 0.192625 0.42777777777777776 0.194859375 0.23074999999999998
0 0.17328125 0.2526111111111111 0.08165625 0.08558333333333333
0 0.7141093749999999 0.1703888888888889 0.067140625 0.07922222222222222
0 0.73753125 0.08686111111111111 0.058734375000000005 0.07886111111111112
0 0.8116875 0.09327777777777778 0.060406249999999995 0.06602777777777778
0 0.623484375 0.030694444444444448 0.09965625 0.06136111111111111
0 0.708328125 0.015305555555555555 0.036375000000000005 0.03061111111111111
0 0.7717968749999999 0.019583333333333335 0.057515625 0.03916666666666667
0 0.89353125 0.32119444444444445 0.11590625000000002 0.11588888888888889
0 0.846296875 0.19130555555555556 0.196921875 0.14672222222222223
0 0.98209375 0.52625 0.035812500000000004 0.1328611111111111
0 0.9420781249999999 0.940361111111111 0.11585937500000001 0.11925
0 0.53034375 0.9574722222222222 0.10587500000000001 0.08505555555555556