0 0.46534166666666665 0.65515 0.19957083333333334 0.0803
0 0.7046291666666666 0.71471875 0.14759166666666668 0.057775
0 0.832675 0.7261812500000001 0.08702083333333333 0.034856250000000005
0 0.7907333333333333 0.67973125 0.15313333333333332 0.0544625
0 0.95975 0.76824375 0.06616666666666667 0.060656249999999995
0 0.9166958333333334 0.68389375 0.1078375 0.0627875
0 0.8805875 0.63661875 0.09117916666666667 0.04740625
0 0.6313 0.60558125 0.2342625 0.10615625
0 0.16981666666666667 0.673275 0.09740833333333333 0.05405
0 0.24092083333333336 0.6868125 0.07295416666666667 0.043625
0 0.37521666666666664 0.7138875 0.06654166666666667 0.03944375
0 0.32258333333333333 0.66056875 0.05849583333333333 0.049475
0 0.3209166666666667 0.59455 0.055162499999999996 0.05493125
0 0.015416666666666667 0.59726875 0.030833333333333334 0.04379374999999999
0 0.052470833333333335 0.63683125 0.09005833333333332 0.026993749999999997
0 0.5098625 0.8679187500000001 0.9802791666666667 0.26416875