0 0.282326656394453 0.456 0.26432973805855164 0.26
0 0.5378120184899846 0.4042558139534884 0.125346687211094 0.07613953488372094
0 0.5775963020030817 0.4913255813953489 0.09285053929121725 0.06425581395348837
0 0.6526656394453004 0.46681395348837207 0.13093990755007706 0.06595348837209303
0 0.8047765793528505 0.532953488372093 0.11577812018489984 0.10946511627906977
0 0.8434360554699537 0.40846511627906973 0.1258551617873652 0.10151162790697674
0 0.6990292758089368 0.2873720930232558 0.11440677966101695 0.10030232558139536
0 0.6434206471494607 0.15295348837209302 0.07323574730354392 0.05134883720930232
0 0.7175192604006163 0.18951162790697673 0.07294298921417566 0.0526046511627907
0 0.5278736517719568 0.18127906976744187 0.17747303543913714 0.06955813953488373
0 0.2670724191063174 0.18527906976744185 0.06593220338983051 0.04413953488372093
0 0.1558551617873652 0.1611860465116279 0.07582434514637905 0.03823255813953488
0 0.060477657935285055 0.22037209302325583 0.05596302003081664 0.07202325581395348
0 0.11383667180277349 0.10265116279069768 0.0926502311248074 0.04376744186046512
0 0.17673343605546996 0.09102325581395349 0.06993836671802774 0.05011627906976744
0 0.365115562403698 0.7054186046511628 0.16375963020030818 0.11611627906976744
0 0.12308166409861325 0.7383953488372093 0.10553158705701078 0.06369767441860465