0 0.5272063492063492 0.8710593220338982 0.26965079365079364 0.19040254237288137
0 0.7902063492063491 0.6264406779661017 0.09406349206349206 0.05288135593220339
0 0.871952380952381 0.743135593220339 0.13373015873015873 0.08711864406779661
0 0.9619365079365079 0.8810169491525424 0.07563492063492064 0.12983050847457628
0 0.24376190476190476 0.636186440677966 0.1512222222222222 0.0638771186440678
0 0.1836031746031746 0.7691949152542373 0.12231746031746032 0.09260593220338983
0 0.45865079365079364 0.4957627118644068 0.09444444444444444 0.04997881355932204
0 0.3027936507936508 0.5192796610169491 0.13471428571428573 0.033453389830508475
0 0.3435714285714285 0.43095338983050846 0.13414285714285715 0.047478813559322035
0 0.4776984126984127 0.3220762711864407 0.08174603174603175 0.04161016949152543
0 0.4356349206349206 0.34559322033898304 0.051587301587301584 0.025084745762711864
0 0.44500000000000006 0.3663559322033898 0.06079365079365079 0.024216101694915254
0 0.6278412698412699 0.3267372881355932 0.04552380952380952 0.025508474576271183
0 0.7865555555555556 0.42014830508474577 0.08360317460317461 0.03860169491525423
0 0.9343174603174603 0.5429872881355933 0.10293650793650792 0.11476694915254237
0 0.5003968253968254 0.28226694915254236 0.04142857142857143 0.02978813559322034
0 0.09380952380952381 0.9288771186440679 0.18761904761904763 0.11540254237288135