0 0.38357197844495766 0.4241135573580533 0.06865280985373365 0.06337195828505214
0 0.5067282525019245 0.43531865585168017 0.0788991531947652 0.03170336037079954
0 0.7522863741339492 0.4621552723059096 0.04139337952270978 0.04288528389339513
0 0.5785758275596613 0.30673232908458864 0.0686220169361047 0.029455388180764777
0 0.5441955350269437 0.2735225955967555 0.040916089299461125 0.02484356894553882
0 0.4424557351809084 0.3349246813441483 0.055558121632024636 0.047207415990730014
0 0.7746112394149346 0.28221320973348785 0.03985373364126251 0.05380069524913094
0 0.8509391839876828 0.26059096176129776 0.08217859892224788 0.04146002317497103
0 0.5576674364896074 0.15749710312862109 0.024234026173979985 0.012943221320973348
0 0.41731331793687454 0.2839513325608343 0.056589684372594304 0.03797219003476246
0 0.5103233256351039 0.2520973348783314 0.04502694380292533 0.02447276940903824