0 0.13225260416666665 0.52258 0.11815104166666666 0.06436
0 0.04268229166666667 0.57438 0.0744140625 0.04394
0 0.09501302083333334 0.8252999999999999 0.184296875 0.08578
0 0.23210937499999998 0.71574 0.12256510416666666 0.04266
0 0.6881901041666666 0.43119999999999997 0.1206640625 0.07762000000000001
0 0.606171875 0.33564 0.07640625 0.054479999999999994
0 0.7781640625 0.37922 0.053203125 0.03766
0 0.8730729166666666 0.18547999999999998 0.06334635416666666 0.02218
0 0.7601953125 0.15230000000000002 0.06414062499999999 0.027800000000000002
0 0.9002864583333333 0.14709999999999998 0.09432291666666666 0.0414
0 0.9669270833333333 0.09952 0.06614583333333333 0.05022
0 0.04830729166666667 0.31345999999999996 0.09661458333333334 0.04188