0 0.24807280513918628 0.38002020202020204 0.2854603854389722 0.08044444444444444
0 0.2669379014989293 0.4503030303030303 0.18610278372591005 0.04325252525252525
0 0.4649892933618844 0.5133131313131313 0.14967880085653107 0.1046060606060606
0 0.3103854389721627 0.6587272727272727 0.2773019271948608 0.13682828282828283
0 0.4896145610278373 0.88 0.27171306209850105 0.24
0 0.6399143468950749 0.373959595959596 0.06700214132762312 0.0441010101010101
0 0.7898072805139186 0.2527878787878788 0.14404710920770877 0.06032323232323232
0 0.7429122055674519 0.21442424242424243 0.08025695931477515 0.024
0 0.733490364025696 0.18795959595959597 0.0956745182012848 0.015535353535353536
0 0.7133618843683083 0.17424242424242425 0.06398286937901498 0.020383838383838383
0 0.5350107066381157 0.2449090909090909 0.0884154175588865 0.040545454545454544
0 0.3769807280513919 0.1829090909090909 0.07218415417558886 0.025636363636363634
0 0.6546895074946467 0.10658585858585858 0.07513918629550322 0.026484848484848483
0 0.5549250535331905 0.17826262626262626 0.0554389721627409 0.07692929292929293