0 0.22307894736842104 0.6980128205128205 0.1261842105263158 0.08320512820512821
0 0.388 0.7381730769230769 0.09105263157894737 0.09512820512820512
0 0.2083421052631579 0.9332051282051282 0.08268421052631579 0.08775641025641025
0 0.4713157894736842 0.9034935897435897 0.07876315789473684 0.09246794871794872
0 0.6518157894736842 0.8079166666666666 0.18363157894736842 0.38419871794871796
0 0.905842105263158 0.9310576923076923 0.13026315789473683 0.12621794871794872
0 0.8095263157894736 0.6063461538461539 0.09555263157894738 0.1264102564102564
0 0.6118421052631579 0.5380128205128205 0.07557894736842105 0.05807692307692308
0 0.5892105263157895 0.4551282051282051 0.10400000000000001 0.046153846153846156
0 0.4479736842105263 0.43612179487179487 0.09176315789473684 0.08076923076923077
0 0.6967368421052631 0.41413461538461543 0.07697368421052632 0.04961538461538462
0 0.6869210526315789 0.36990384615384614 0.043289473684210523 0.04237179487179488
0 0.6279736842105264 0.3211858974358974 0.06576315789473684 0.047532051282051284
0 0.5607894736842105 0.3280448717948718 0.054184210526315786 0.0441025641025641
0 0.5685 0.2586217948717949 0.09771052631578948 0.04628205128205128
0 0.6665526315789474 0.26096153846153847 0.04471052631578947 0.03817307692307692
0 0.7604210526315789 0.298974358974359 0.05347368421052632 0.03727564102564103
0 0.1808157894736842 0.2648076923076923 0.07321052631578948 0.03730769230769231
0 0.09713157894736842 0.3160576923076923 0.11986842105263157 0.05435897435897436