0 0.7816666666666666 0.3984393063583815 0.40421333333333337 0.08951830443159924
0 0.35814666666666667 0.4491714836223507 0.46680000000000005 0.124990366088632
0 0.09329333333333333 0.574373795761079 0.11486666666666667 0.038901734104046244
0 0.20526666666666665 0.6807129094412332 0.3625333333333333 0.17882466281310214
0 0.42008 0.7417341040462427 0.11066666666666666 0.05678227360308285
0 0.5316266666666667 0.5929865125240847 0.07006666666666667 0.046165703275529865
0 0.6799066666666667 0.5964161849710983 0.11477333333333332 0.07013487475915221
0 0.63428 0.7335838150289018 0.09464 0.10046242774566475
0 0.3443733333333333 0.8866088631984586 0.19334666666666667 0.11963391136801542
0 0.4978533333333333 0.824990366088632 0.08548 0.0477456647398844
0 0.04608 0.9594219653179191 0.09214666666666667 0.08113680154142582
0 0.5102933333333334 0.934354527938343 0.08665333333333333 0.04811175337186897
0 0.7120533333333333 0.6815992292870906 0.04573333333333333 0.043564547206165705
0 0.7988666666666666 0.6068978805394991 0.03565333333333333 0.035472061657032754
0 0.7427199999999999 0.5512524084778421 0.07446666666666667 0.04406551059730251
0 0.9501066666666668 0.4609441233140655 0.05073333333333333 0.04325626204238921