0 0.063075 0.4848 0.100525 0.03123333333333333
0 0.14915 0.4839333333333334 0.263325 0.11289999999999999
0 0.396475 0.43520000000000003 0.14859999999999998 0.07376666666666666
0 0.11042500000000001 0.8811 0.173325 0.19473333333333334
0 0.6855249999999999 0.42543333333333333 0.145425 0.06670000000000001
0 0.5446 0.40003333333333335 0.09482499999999999 0.04086666666666667
0 0.359775 0.3977333333333333 0.13455 0.0488
0 0.288375 0.36856666666666665 0.044875 0.023833333333333335
0 0.438975 0.29983333333333334 0.058600000000000006 0.028033333333333334
0 0.6072500000000001 0.29733333333333334 0.217 0.123
0 0.832075 0.3017 0.094775 0.09426666666666667