0 0.43096875 0.42995833333333333 0.13382031249999998 0.10913888888888888
0 0.48130468750000005 0.28477777777777774 0.076 0.08859722222222222
0 0.23678906249999998 0.2730694444444445 0.1740234375 0.12469444444444444
0 0.2389140625 0.4325555555555555 0.046578125 0.06272222222222222
0 0.3615546875 0.6398194444444445 0.1780234375 0.10822222222222222
0 0.2602265625 0.7556666666666667 0.1003671875 0.07006944444444445
0 0.33689843750000004 0.7529027777777778 0.0595078125 0.04070833333333333
0 0.3911328125 0.8322361111111112 0.10994531249999999 0.07240277777777779
0 0.47572656249999995 0.7435694444444445 0.051453125 0.04984722222222222
0 0.592671875 0.6767083333333334 0.16928125 0.14231944444444444
0 0.5655546874999999 0.8330277777777777 0.1396015625 0.08986111111111111
0 0.7636406250000001 0.847111111111111 0.13621875 0.074375
0 0.5674609375 0.4430694444444444 0.07866406249999999 0.06390277777777778
0 0.5800703125 0.27466666666666667 0.057015625 0.06440277777777778
0 0.68675 0.04715277777777778 0.136453125 0.06572222222222222
0 0.8635234374999999 0.10227777777777777 0.1685625 0.10456944444444445
0 0.922 0.05606944444444444 0.10695312500000001 0.06373611111111112
0 0.9554843749999999 0.137 0.0756953125 0.08272222222222222
0 0.8193359375 0.218125 0.11589843749999999 0.09815277777777778
0 0.9436562500000001 0.242125 0.09221875 0.06283333333333334
0 0.648921875 0.19354166666666667 0.058562499999999997 0.04897222222222222
0 0.63609375 0.2681111111111111 0.0485234375 0.05527777777777777
0 0.81665625 0.017069444444444443 0.0926875 0.034125
0 0.9694218749999999 0.011111111111111112 0.061164062500000005 0.022222222222222223