0 0.417196261682243 0.15340077821011674 0.1731892523364486 0.05310505836575875
0 0.5392757009345794 0.221284046692607 0.19536214953271028 0.044894941634241244
0 0.6008878504672898 0.29596887159533075 0.13753504672897196 0.03863035019455253
0 0.8765654205607477 0.32631128404669263 0.17485981308411216 0.052614785992217895
0 0.8210864485981308 0.36442801556420235 0.14566588785046727 0.035478599221789885
0 0.2399532710280374 0.4902879377431906 0.16378504672897196 0.06690272373540856
0 0.08108644859813084 0.5369571984435798 0.1310514018691589 0.04202334630350195
0 0.1605140186915888 0.3675408560311284 0.07452102803738318 0.04169649805447471
0 0.1891238317757009 0.30919844357976656 0.07335280373831776 0.03395330739299611
0 0.21307242990654204 0.18315953307392996 0.10955607476635514 0.030918287937743188
0 0.34039719626168224 0.08747081712062257 0.10720794392523364 0.04186770428015564
0 0.48495327102803737 0.06607782101167314 0.09842289719626168 0.022428015564202333
0 0.7352219626168225 0.11819455252918287 0.21927570093457943 0.048848249027237355
0 0.908107476635514 0.19347081712062258 0.14448598130841123 0.04763424124513619