0 0.44399999999999995 0.5138571428571428 0.1345084745762712 0.051399999999999994
0 0.5258474576271186 0.6011714285714286 0.14320338983050845 0.06277142857142856
0 0.6702542372881356 0.5152857142857142 0.09064406779661016 0.04202857142857143
0 0.7311525423728813 0.39960000000000007 0.13735593220338985 0.05148571428571429
0 0.6395084745762711 0.40777142857142856 0.10177966101694914 0.03514285714285714
0 0.6620338983050847 0.44960000000000006 0.10323728813559321 0.0494
0 0.5603389830508475 0.4524571428571429 0.054830508474576274 0.04694285714285714
0 0.6094915254237289 0.4744857142857143 0.07079661016949153 0.05837142857142857
0 0.13191525423728814 0.7348 0.2609322033898305 0.12185714285714286
0 0.38928813559322034 0.6715714285714286 0.23813559322033898 0.08517142857142856
0 0.4134915254237288 0.818857142857143 0.40276271186440676 0.12671428571428572
0 0.7235254237288136 0.845 0.1196949152542373 0.06468571428571429
0 0.6046440677966102 0.37288571428571426 0.09984745762711864 0.04291428571428571
0 0.6074406779661017 0.3337142857142857 0.059423728813559326 0.02988571428571429