0 0.28902237926972907 0.18501936483346243 0.4119552414605418 0.04780790085205267
0 0.4871731448763251 0.3166615027110767 0.30769140164899883 0.047730441518202944
0 0.21452296819787986 0.2539349341595662 0.3395406360424028 0.06170410534469403
0 0.5713898704358068 0.2359333849728892 0.181660777385159 0.04506584043377227
0 0.8119552414605419 0.2823934934159566 0.1386336866902238 0.06052672347017816
0 0.9537691401648999 0.30349341595662277 0.09246171967020024 0.052385747482571646
0 0.8919316843345112 0.4994035631293571 0.21613663133097763 0.08789310611928737
0 0.054770318021201414 0.3430054221533695 0.10954063604240283 0.03901626646010844
0 0.31257950530035333 0.3774515879163439 0.15285041224970555 0.053113865220759095
0 0.7436395759717315 0.17224632068164214 0.09624263839811542 0.04549186676994577
0 0.959658421672556 0.17804027885360185 0.08068315665488811 0.0958249419054996