0 0.8347078189300411 0.7510557184750734 0.1874650205761317 0.1062316715542522
0 0.9203045267489712 0.87816715542522 0.13289711934156379 0.09652492668621701
0 0.3453909465020576 0.7919061583577713 0.08832098765432099 0.07479472140762464
0 0.3388065843621399 0.9400879765395894 0.15980246913580246 0.11980938416422286
0 0.2622716049382716 0.7877126099706745 0.07023045267489712 0.06642228739002932
0 0.19879012345679012 0.7707478005865103 0.04672427983539095 0.053445747800586516
0 0.18667489711934157 0.7014369501466275 0.048370370370370376 0.0614516129032258
0 0.2773251028806584 0.6982991202346042 0.07210699588477366 0.050982404692082116
0 0.3751440329218107 0.6748387096774193 0.05139917695473251 0.08784457478005865
0 0.5972181069958847 0.6595161290322581 0.27685596707818927 0.3295161290322581
0 0.8576378600823045 0.6312903225806452 0.05696296296296296 0.03426686217008798
0 0.8521069958847736 0.5791495601173021 0.250477366255144 0.0682258064516129
0 0.6290864197530864 0.419574780058651 0.05135802469135802 0.04234604105571847
0 0.5619588477366255 0.4338269794721408 0.05583539094650206 0.0540615835777126
0 0.6789218106995885 0.4983137829912024 0.39558847736625513 0.09926686217008798