0 0.5575663716814159 0.594750656167979 0.06635693215339233 0.058083989501312334
0 0.6907522123893806 0.5957742782152231 0.10128318584070797 0.05606299212598425
0 0.4711209439528024 0.7548031496062991 0.09768436578171091 0.06727034120734908
0 0.40430678466076697 0.9100262467191602 0.14783185840707966 0.09905511811023622
0 0.4571681415929203 0.844015748031496 0.06750737463126844 0.04380577427821523
0 0.5454277286135694 0.834750656167979 0.0670353982300885 0.06559055118110235
0 0.6520648967551623 0.7235170603674541 0.08970501474926254 0.09755905511811024
0 0.7160619469026549 0.6829658792650918 0.03615044247787611 0.0689238845144357
0 0.2953834808259587 0.6970603674540682 0.3475221238938053 0.18598425196850393
0 0.26703539823008854 0.4566929133858268 0.0865929203539823 0.04039370078740158
0 0.39567846607669616 0.5408661417322834 0.2304277286135693 0.12391076115485565
0 0.5425811209439528 0.47 0.28146017699115045 0.12354330708661418
0 0.8223303834808259 0.3868503937007874 0.3553392330383481 0.08645669291338583
0 0.9106194690265487 0.458503937007874 0.046327433628318586 0.04
0 0.10367256637168143 0.6441994750656168 0.06848082595870207 0.05603674540682415