0 0.6095440251572327 0.44663615560640735 0.11218553459119496 0.18929061784897025
0 0.8574842767295597 0.5868192219679634 0.2850157232704403 0.12846681922196795
0 0.7050157232704403 0.7976659038901601 0.24594339622641506 0.20903890160183064
0 0.5642452830188679 0.6190389016018306 0.047295597484276725 0.0806178489702517
0 0.5067924528301887 0.531075514874142 0.06388364779874214 0.05032036613272311
0 0.4296069182389937 0.3788329519450801 0.08105345911949685 0.14524027459954233
0 0.5017767295597484 0.27215102974828376 0.09676100628930817 0.08581235697940504
0 0.6777201257861635 0.31604118993135016 0.18849056603773584 0.0945308924485126
0 0.767059748427673 0.4503890160183066 0.11272012578616351 0.0719908466819222
0 0.9004088050314465 0.4175286041189932 0.05638364779874214 0.04787185354691076
0 0.9678616352201257 0.48013729977116704 0.054088050314465404 0.06906178489702518
0 0.31468553459119497 0.7862471395881007 0.41152515723270444 0.4275057208237986