0 0.502158203125 0.6453088235294118 0.10810546875 0.1469264705882353
0 0.521962890625 0.86625 0.247041015625 0.23585294117647057
0 0.728427734375 0.5732794117647059 0.08630859375 0.08270588235294118
0 0.9055859375 0.6241029411764706 0.122548828125 0.09191176470588236
0 0.56744140625 0.39791176470588235 0.138232421875 0.08070588235294118
0 0.55544921875 0.4863382352941176 0.0975 0.08527941176470588
0 0.725634765625 0.4088382352941176 0.0695703125 0.08573529411764705
0 0.78337890625 0.3970735294117647 0.146005859375 0.0958235294117647
0 0.94447265625 0.5054411764705882 0.111044921875 0.12769117647058822
0 0.597158203125 0.3225294117647059 0.116748046875 0.043367647058823525
0 0.651416015625 0.3538235294117647 0.11087890625 0.05133823529411764
0 0.6948046875 0.2811470588235294 0.0553515625 0.032058823529411765
0 0.581396484375 0.28555882352941175 0.11033203125 0.036676470588235296
0 0.530478515625 0.24607352941176472 0.0559375 0.04173529411764706
0 0.6056640625 0.22842647058823531 0.07517578125 0.05686764705882353