0 0.3507986111111111 0.5296745867768595 0.133695987654321 0.11306818181818182
0 0.5205362654320987 0.47545971074380167 0.10280478395061729 0.09760847107438017
0 0.8424575617283951 0.5268388429752067 0.21809799382716047 0.08157024793388429
0 0.7579783950617284 0.7323553719008264 0.14944444444444446 0.1000413223140496
0 0.5149421296296296 0.8966942148760331 0.17263117283950616 0.2066115702479339
0 0.9728009259259259 0.7114411157024793 0.05439814814814815 0.10470041322314048
0 0.8343595679012346 0.4114359504132231 0.1478858024691358 0.05220557851239669
0 0.6991473765432099 0.31202479338842976 0.12823688271604938 0.08583161157024793
0 0.4642168209876543 0.37477272727272726 0.06732253086419752 0.030542355371900826
0 0.43528163580246915 0.2962861570247934 0.09433256172839506 0.03884814049586777
0 0.3307407407407407 0.26142561983471074 0.06271604938271605 0.046616735537190084
0 0.29312885802469135 0.21366735537190085 0.06079475308641976 0.018243801652892563
0 0.4443441358024691 0.17235020661157024 0.22433641975308644 0.059576446280991735
0 0.5334645061728395 0.20953512396694216 0.07078317901234568 0.030635330578512397
0 0.2728742283950617 0.1568646694214876 0.07043981481481482 0.028600206611570245
0 0.2518518518518518 0.12768595041322314 0.047685185185185185 0.037396694214876035
0 0.394008487654321 0.10987086776859505 0.0657908950617284 0.027598140495867767