0 0.40514285714285714 0.6589838337182448 0.16753246753246753 0.11198614318706698
0 0.4971038961038961 0.5699769053117784 0.08936363636363637 0.10196304849884526
0 0.6243636363636363 0.5307390300230947 0.055818181818181815 0.05286374133949192
0 0.6707532467532468 0.6644341801385681 0.21235064935064935 0.11450346420323325
0 0.6823246753246753 0.8554272517321015 0.19298701298701298 0.18575057736720557
0 0.7365194805194806 0.44006928406466517 0.04871428571428571 0.05628175519630485
0 0.6242467532467533 0.36764434180138567 0.06738961038961039 0.06681293302540416
0 0.6706493506493506 0.3082448036951501 0.0917012987012987 0.06140877598152425
0 0.5868311688311688 0.24676674364896073 0.051571428571428574 0.04339491916859122
0 0.5295714285714286 0.3055196304849884 0.05276623376623377 0.04334872979214781
0 0.36912987012987014 0.4402771362586605 0.06011688311688312 0.052517321016166275
0 0.0626883116883117 0.46168591224018474 0.12538961038961038 0.086905311778291
0 0.4080909090909091 0.28369515011547347 0.029415584415584412 0.033279445727482676