0 0.37684375000000003 0.5658333333333333 0.1349453125 0.13880555555555554
0 0.47828906250000003 0.6178055555555555 0.10345312499999999 0.07609722222222222
0 0.6107578124999999 0.7584305555555556 0.14740625000000002 0.16290277777777779
0 0.7952265625 0.694375 0.1033984375 0.11016666666666666
0 0.8822656249999999 0.9079305555555556 0.23284375000000002 0.18412499999999998
0 0.9590546874999999 0.6578888888888889 0.047132812499999996 0.05306944444444445
0 0.7192265625 0.5487777777777778 0.105421875 0.09676388888888889
0 0.54759375 0.5140694444444445 0.10589843750000001 0.11861111111111113
0 0.6079687500000001 0.4553611111111111 0.063703125 0.06469444444444444
0 0.6381015624999999 0.37443055555555554 0.0659296875 0.06156944444444444
0 0.499609375 0.405375 0.076890625 0.059958333333333336
0 0.529625 0.3665 0.036484375 0.029833333333333333
0 0.38075000000000003 0.4156944444444445 0.1271328125 0.08058333333333334
0 0.138578125 0.4049722222222222 0.27225 0.14644444444444443
0 0.0994140625 0.67275 0.15596875 0.11851388888888889
0 0.3158046875 0.8206388888888889 0.1534765625 0.35873611111111114