0 0.36340030911901083 0.4287052341597796 0.10808346213292118 0.12333333333333334
0 0.21633693972179288 0.52633608815427 0.10168469860896447 0.19573002754820937
0 0.09211746522411128 0.47107438016528924 0.08387944358578053 0.14024793388429752
0 0.13527047913446677 0.6612947658402204 0.05843894899536322 0.1562534435261708
0 0.06751159196290572 0.7960330578512396 0.05131375579598146 0.08669421487603306
0 0.3319010819165379 0.6886225895316804 0.08550231839258114 0.12190082644628099
0 0.3246522411128285 0.5888705234159779 0.0448531684698609 0.07071625344352618
0 0.4342503863987635 0.6130027548209367 0.04055641421947449 0.059669421487603305
0 0.5024884080370943 0.5551515151515152 0.07715610510046368 0.15165289256198347
0 0.47990726429675423 0.39460055096418734 0.0842967542503864 0.1271625344352617
0 0.5890417310664606 0.47573002754820937 0.041004636785162286 0.07330578512396695
0 0.6004482225656878 0.5456473829201102 0.04480680061823802 0.0690358126721763
0 0.6604945904173106 0.5892837465564739 0.048361669242658424 0.09696969696969698
0 0.6709428129829985 0.43526170798898073 0.11683153013910356 0.1915426997245179
0 0.7640340030911901 0.6852341597796143 0.10564142194744976 0.1659779614325069
0 0.8818392581143739 0.5125895316804407 0.058315301391035544 0.07074380165289255
0 0.8858887171561051 0.35410468319559224 0.12820710973724886 0.17760330578512395
0 0.9697372488408037 0.4125895316804408 0.06051004636785162 0.14198347107438017
0 0.9048995363214838 0.6303581267217631 0.1852704791344668 0.2384573002754821
0 0.4897681607418856 0.7794765840220386 0.28709428129829984 0.33327823691460057
0 0.30550231839258113 0.823168044077135 0.06601236476043276 0.0731129476584022