0 0.44832908163265306 0.8021768707482994 0.31410714285714286 0.33780045351473925
0 0.8172576530612246 0.8156009070294785 0.36548469387755106 0.3687981859410431
0 0.9372704081632653 0.4619501133786848 0.1254591836734694 0.24691609977324264
0 0.7582780612244898 0.421156462585034 0.13511479591836736 0.10761904761904761
0 0.5704464285714286 0.49 0.08406887755102041 0.08861678004535146
0 0.46307397959183677 0.4924716553287982 0.05298469387755102 0.09356009070294784
0 0.49831632653061225 0.4011791383219954 0.07316326530612245 0.05528344671201814
0 0.4908928571428572 0.33770975056689345 0.05831632653061224 0.043786848072562355
0 0.37669642857142854 0.3949886621315193 0.06572704081632653 0.051179138321995464
0 0.26364795918367345 0.4201360544217687 0.062219387755102044 0.07671201814058956
0 0.14654336734693876 0.4677324263038549 0.10626275510204082 0.06061224489795918
0 0.09113520408163266 0.6700907029478458 0.1822831632653061 0.24267573696145123
0 0.04997448979591837 0.44464852607709754 0.09994897959183674 0.06392290249433107
0 0.04243622448979592 0.36551020408163265 0.08488520408163265 0.08705215419501133
0 0.5208035714285715 0.21609977324263038 0.13205357142857144 0.0726984126984127
0 0.6408163265306123 0.1934467120181406 0.08682397959183673 0.05210884353741497
0 0.6607525510204081 0.2999773242630385 0.23801020408163265 0.09614512471655329
0 0.8557780612244897 0.22784580498866214 0.13177295918367346 0.09206349206349207
0 0.6847576530612245 0.15056689342403629 0.13991071428571428 0.0818140589569161