0 0.2508862433862434 0.7496031746031747 0.12947089947089946 0.0983068783068783
0 0.08403439153439153 0.6570370370370371 0.12944444444444445 0.07193121693121693
0 0.053108465608465605 0.7400529100529101 0.10177248677248676 0.05886243386243386
0 0.05187830687830688 0.7933597883597884 0.07978835978835978 0.04335978835978836
0 0.5556878306878307 0.782142857142857 0.42313492063492064 0.2284920634920635
0 0.51989417989418 0.49206349206349204 0.042222222222222223 0.047195767195767194
0 0.5892724867724868 0.4332539682539683 0.06296296296296297 0.04764550264550265
0 0.6639550264550265 0.49306878306878305 0.061732804232804236 0.07772486772486772
0 0.6600925925925926 0.42716931216931214 0.04178571428571429 0.043571428571428567
0 0.5711640211640212 0.38952380952380955 0.06337301587301587 0.037486772486772485
0 0.6837962962962963 0.38015873015873014 0.054603174603174605 0.02693121693121693
0 0.17814814814814817 0.5547089947089947 0.04908730158730159 0.05857142857142857
0 0.22178571428571428 0.5724074074074074 0.03616402116402116 0.04917989417989418
0 0.2567857142857143 0.5028306878306879 0.041044973544973544 0.03214285714285715