0 0.5109622786759046 0.5961672473867595 0.0745342571208622 0.0610917537746806
0 0.5017321016166282 0.8082578397212543 0.08685142417244034 0.12908246225319397
0 0.6650423402617398 0.9065505226480836 0.123518090839107 0.15535423925667827
0 0.6622247882986914 0.7043437862950058 0.08195535026943802 0.07999999999999999
0 0.7335565819861432 0.6724157955865273 0.08091608929946112 0.06646922183507549
0 0.8243879907621248 0.6797677119628339 0.08808314087759815 0.07342624854819976
0 0.7674210931485759 0.7411149825783973 0.07680523479599692 0.0683623693379791
0 0.9388221709006929 0.8709523809523809 0.08087759815242494 0.1151219512195122
0 0.25490377213240956 0.8529500580720093 0.09887605850654349 0.1294541231126597
0 0.31763664357197846 0.9249477351916376 0.07861431870669747 0.07212543554006969
0 0.36496535796766744 0.7707200929152149 0.07507313317936874 0.07724738675958188
0 0.35316397228637414 0.6451335656213706 0.08226327944572748 0.06222996515679442
0 0.2793995381062356 0.6207433217189315 0.047305619707467286 0.03670150987224158
0 0.22334103156274057 0.6186178861788618 0.07474980754426482 0.0440534262485482
0 0.10672055427251732 0.6013937282229964 0.08986913010007698 0.059930313588850176
0 0.076058506543495 0.7082113821138211 0.07164742109314857 0.07225319396051104
0 0.20088529638183217 0.5129616724738676 0.06252501924557352 0.04178861788617886
0 0.2411701308698999 0.5325087108013937 0.035327174749807545 0.030557491289198605
0 0.3381524249422633 0.5313472706155633 0.05481139337952271 0.035969802555168406
0 0.3243033102386451 0.46400696864111496 0.027097767513471902 0.025180023228803715
0 0.3607390300230947 0.46767711962833913 0.017852193995381065 0.02091753774680604
0 0.37202463433410315 0.4452264808362369 0.019907621247113164 0.02248548199767712
0 0.4141031562740569 0.4407781649245064 0.02195535026943803 0.025191637630662022
0 0.4025558121632024 0.5642392566782811 0.04505003849114704 0.0475725900116144
0 0.48903002309468824 0.5448896631823461 0.05889145496535797 0.05531939605110337
0 0.5654888375673596 0.5522415795586527 0.03732101616628175 0.03132404181184669
0 0.6073133179368745 0.6399070847851336 0.054249422632794454 0.04790940766550523
0 0.6420862201693611 0.5928803716608595 0.044234026173979986 0.05838559814169571
0 0.6859584295612009 0.5721718931475029 0.04474210931485758 0.04407665505226481
0 0.6992994611239415 0.5270847851335656 0.050900692840646654 0.035203252032520324
0 0.6093687451886066 0.5088966318234611 0.04809083910700539 0.03753774680603949
0 0.6552963818321786 0.44290360046457605 0.04244033872209392 0.03332171893147503
0 0.6355427251732102 0.46961672473867594 0.028583525789068517 0.03253193960511034
0 0.4954503464203234 0.4754123112659698 0.046312548113933795 0.03639953542392567
0 0.4951886066204773 0.43729384436701507 0.04041570438799076 0.025969802555168408
0 0.45092378752886836 0.42413472706155636 0.03657428791377983 0.030615563298490127
0 0.2854349499615088 0.4326480836236934 0.042940723633564284 0.01667828106852497
0 0.25489607390300234 0.420267131242741 0.034549653579676674 0.022880371660859464
0 0.5030100076982293 0.4005226480836237 0.03297151655119322 0.03759581881533101
0 0.5461200923787528 0.404006968641115 0.026805234795996922 0.021347270615563296
0 0.5557428791377983 0.4721254355400697 0.038352578906851426 0.03369337979094077
0 0.5547190146266359 0.4432984901277584 0.026035411855273288 0.026353077816492453
0 0.6080831408775982 0.44232288037166084 0.03013086989992302 0.02829268292682927
0 0.5902540415704388 0.4011033681765389 0.022694380292532717 0.027154471544715446
0 0.4590069284064665 0.3834959349593496 0.024511162432640492 0.03451800232288037