0 0.568559670781893 0.497969696969697 0.3568724279835391 0.10624242424242425
0 0.5309876543209877 0.817060606060606 0.462798353909465 0.2110606060606061
0 0.22209876543209875 0.4244545454545454 0.20979423868312755 0.05618181818181818
0 0.2303292181069959 0.3874848484848485 0.1248559670781893 0.05903030303030303
0 0.39082304526748973 0.33175757575757575 0.13308641975308644 0.02836363636363636
0 0.5181069958847737 0.3743636363636364 0.2120576131687243 0.06915151515151516
0 0.7260493827160495 0.40284848484848484 0.26580246913580247 0.07357575757575759
0 0.7633333333333334 0.3428787878787879 0.20872427983539094 0.0546060606060606
0 0.6149382716049383 0.3040909090909091 0.13687242798353907 0.041727272727272724
0 0.5395061728395062 0.31642424242424244 0.11218106995884775 0.030000000000000002
0 0.5567901234567901 0.2822727272727273 0.1302880658436214 0.030424242424242423
0 0.651687242798354 0.23824242424242426 0.13358024691358025 0.031242424242424245
0 0.52440329218107 0.24533333333333332 0.09847736625514403 0.03327272727272727
0 0.35543209876543214 0.2552121212121212 0.11168724279835392 0.03284848484848485
0 0.23279835390946502 0.28754545454545455 0.08041152263374485 0.03284848484848485
0 0.1348559670781893 0.34145454545454546 0.13148148148148148 0.06390909090909092