0 0.7584080370942813 0.7601980198019802 0.2695054095826893 0.2572029702970297
0 0.882565687789799 0.9431188118811881 0.1056723338485317 0.09913366336633662
0 0.21531684698608966 0.6418564356435643 0.12372488408037094 0.07826732673267327
0 0.03683153013910355 0.6272277227722772 0.07367851622874808 0.07787128712871287
0 0.10248840803709429 0.4395792079207921 0.09369397217928903 0.07386138613861386
0 0.17126738794435858 0.3552227722772277 0.11275115919629057 0.09081683168316831
0 0.2271561051004637 0.4173019801980198 0.06482225656877898 0.04581683168316832
0 0.2648995363214838 0.3638861386138614 0.04499227202472952 0.06688118811881189
0 0.3240030911901082 0.31544554455445545 0.07304482225656878 0.04836633663366337
0 0.33057187017001544 0.2952227722772277 0.047557959814528594 0.0492079207920792
0 0.5939412673879443 0.4350247524752475 0.1595517774343122 0.12252475247524752
0 0.4476506955177743 0.40740099009900993 0.10394126738794436 0.07551980198019802
0 0.5084234930448223 0.33789603960396036 0.14307573415765068 0.08918316831683168
0 0.5520865533230294 0.29707920792079207 0.0681143740340031 0.06527227722772277
0 0.5800463678516229 0.27646039603960393 0.05961360123647604 0.02405940594059406
0 0.5689644513137558 0.24574257425742574 0.06323029366306027 0.032722772277227724
0 0.3274806800618238 0.46410891089108913 0.041375579598145286 0.04455445544554455
0 0.3746213292117465 0.3779207920792079 0.03775888717156105 0.045420792079207926