0 0.7300599999999999 0.8000668151447662 0.13213999999999998 0.09697104677060134
0 0.74334 0.9091982182628062 0.21322 0.18162583518930958
0 0.33864 0.7557238307349666 0.15292 0.1500445434298441
0 0.479 0.9597995545657015 0.12818000000000002 0.08037861915367484
0 0.11012000000000001 0.8271937639198219 0.0777 0.04596881959910913
0 0.59262 0.6812472160356348 0.1336 0.09826280623608018
0 0.49389999999999995 0.6089977728285078 0.16526 0.05498886414253898
0 0.63516 0.6067706013363029 0.10959999999999999 0.06269487750556793
0 0.80952 0.613652561247216 0.1274 0.06835189309576838
0 0.72824 0.6563474387527839 0.10668000000000001 0.06062360801781737
0 0.90788 0.6480623608017818 0.08774 0.0642761692650334
0 0.5297200000000001 0.7905345211581292 0.21869999999999998 0.1386859688195991