0 0.53725 0.5033333333333333 0.08952500000000001 0.06413333333333333
0 0.54195 0.8834 0.13015000000000002 0.12016666666666666
0 0.361325 0.9469333333333333 0.13142500000000001 0.05973333333333334
0 0.23962499999999998 0.7536666666666666 0.072375 0.07316666666666666
0 0.27399999999999997 0.8444666666666667 0.09112500000000001 0.054766666666666665
0 0.33025 0.8194666666666667 0.053625 0.0548
0 0.36274999999999996 0.7415999999999999 0.06860000000000001 0.05733333333333333
0 0.27885000000000004 0.5512333333333334 0.103925 0.05163333333333334
0 0.100275 0.5922666666666667 0.093825 0.06283333333333334
0 0.18337499999999998 0.47563333333333335 0.0599 0.04626666666666667
0 0.297125 0.45166666666666666 0.074875 0.04416666666666667
0 0.706475 0.5641333333333334 0.09355000000000001 0.05243333333333333
0 0.513975 0.37606666666666666 0.058575 0.0388
0 0.6806749999999999 0.44813333333333333 0.09512499999999999 0.04126666666666667
0 0.469775 0.34026666666666666 0.09202500000000001 0.03383333333333333
0 0.032975 0.4231333333333333 0.065925 0.05793333333333333
0 0.053224999999999995 0.5262333333333333 0.09022500000000001 0.05163333333333334
0 0.959525 0.5572666666666667 0.08095000000000001 0.059533333333333334