0 0.5868480300187617 0.6240369088811994 0.5416322701688555 0.7513379469434832
0 0.952989368355222 0.5134256055363322 0.09401500938086305 0.2071626297577855
0 0.16100687929956223 0.34738177623990774 0.10271419637273296 0.16727797001153402
0 0.05398373983739837 0.5649365628604383 0.10508442776735459 0.12565167243367936
0 0.24407754846779237 0.3133910034602076 0.0332895559724828 0.04161476355247981
0 0.23552845528455285 0.17366782006920414 0.07873045653533459 0.06591695501730103
0 0.30307066916823017 0.13197231833910034 0.04703564727954972 0.03250288350634371
0 0.3707066916823014 0.15369088811995385 0.04681676047529706 0.05670126874279123
0 0.4334521575984991 0.15426758938869667 0.03471544715447154 0.030945790080738177
0 0.30775484677923703 0.07374855824682815 0.06267041901188242 0.0505997693194925
0 0.3917636022514071 0.08181084198385237 0.04306441525953721 0.04367935409457901
0 0.4010381488430269 0.06144175317185698 0.042851782363977485 0.0413840830449827
0 0.7696747967479675 0.11063437139561708 0.0775984990619137 0.07824682814302192
0 0.7249656035021889 0.10525951557093426 0.048636647904940586 0.06749711649365629
0 0.6998436522826766 0.030507497116493656 0.042176360225140715 0.060230680507497115
0 0.645234521575985 0.024544405997693197 0.04202626641651032 0.029100346020761246