0 0.4441973684210526 0.43028103044496485 0.07692105263157895 0.05920374707259953
0 0.5286447368421052 0.4619906323185012 0.0783421052631579 0.06728337236533959
0 0.654342105263158 0.489672131147541 0.12161842105263158 0.06299765807962529
0 0.5579605263157895 0.5460655737704918 0.14293421052631577 0.08639344262295082
0 0.5812631578947368 0.6829274004683841 0.15488157894736843 0.07480093676814989
0 0.6745657894736842 0.645456674473068 0.0830921052631579 0.051007025761124127
0 0.7714473684210525 0.797423887587822 0.17638157894736844 0.07388758782201406
0 0.8068552631578948 0.8951288056206089 0.08451315789473685 0.08618266978922716
0 0.46932894736842107 0.7285011709601873 0.18382894736842106 0.0980327868852459
0 0.2803552631578947 0.6490866510538642 0.2938421052631579 0.12208430913348947
0 0.1746184210526316 0.807423887587822 0.17038157894736844 0.13220140515222484
0 0.08801315789473685 0.5275644028103045 0.048749999999999995 0.04510538641686183
0 0.17639473684210527 0.4617798594847775 0.05567105263157895 0.054074941451990634
0 0.23393421052631577 0.4617798594847775 0.04393421052631579 0.054074941451990634
0 0.3135921052631579 0.42901639344262293 0.07406578947368421 0.04814988290398126
0 0.270171052631579 0.37686182669789225 0.05182894736842105 0.033278688524590164
0 0.21311842105263157 0.3428103044496487 0.05494736842105263 0.033302107728337235
0 0.15021052631578946 0.3015222482435597 0.09657894736842106 0.044379391100702575
0 0.08178947368421052 0.41688524590163933 0.03631578947368421 0.062201405152224824